170 7
172 7
174 7
175 7
177 7
179 7
180 7
181 7
182 7
184 7
186 7
189 7
191 7
192 7
193 7
194 7
195 7
196 7
199 7
200 7
202 7
208 7
210 7
212 7
214 7
216 7
217 7
218 7
219 7
221 7
222 7
223 7
224 7
225 7
230 7
232 7
233 7
234 7
235 7
237 7
238 7
239 7
240 7
243 7
245 7
246 7
247 7
248 7
249 7
251 7
252 7
253 7
254 7
255 7
256 7
257 7
260 7
262 7
263 7
264 7
266 7
267 7
269 7
270 7
271 7
273 7
276 7
277 7
281 7
282 7
283 7
284 7
289 7
290 7
292 7
293 7
294 7
295 7
296 7
298 7
299 7
301 7
303 7
304 7
307 7
309 7
312 7
313 7
314 7
315 7
317 7
318 7
319 7
320 7
321 7
322 7
324 7
325 7
326 7
327 7
328 7
329 7
330 7
332 7
333 7
336 7
337 7
338 7
339 7
340 7
342 7
343 7
345 7
346 7
347 7
348 7
349 7
350 7
351 7
352 7
353 7
356 7
357 7
359 7
360 7
361 7
363 7
365 7
366 7
367 7
368 7
369 7
370 7
372 7
374 7
375 7
376 7
377 7
380 7
381 7
382 7
383 7
384 7
385 7
388 7
389 7
390 7
395 7
396 7
398 7
399 7
401 7
402 7
403 7
405 7
406 7
407 7
408 7
409 7
410 7
411 7
414 7
416 7
417 7
419 7
420 7
421 7
422 7
423 7
424 7
425 7
426 7
428 7
430 7
431 7
433 7
434 7
435 7
436 7
439 7
441 7
443 7
444 7
445 7
446 7
447 7
449 7
450 7
451 7
452 7
454 7
456 7
458 7
459 7
462 7
463 7
464 7
465 7
466 7
469 7
471 7
472 7
473 7
474 7
475 7
476 7
478 7
480 7
481 7
482 7
485 7
486 7
487 7
489 7
492 7
495 7
496 7
498 7
0 7
1 7
2 7
5 7
8 7
10 7
11 7
12 7
14 7
15 7
16 7
19 7
21 7
23 7
24 7
25 7
26 7
28 7
30 7
33 7
34 7
35 7
36 7
37 7
39 7
40 7
41 7
44 7
46 7
48 7
49 7
50 7
51 7
52 7
54 7
55 7
56 7
59 7
61 7
62 7
63 7
64 7
65 7
67 7
68 7
70 7
71 7
72 7
73 7
78 7
79 7
80 7
81 7
83 7
85 7
86 7
87 7
91 7
93 7
94 7
96 7
97 7
98 7
99 7
101 7
104 7
105 7
106 7
107 7
108 7
109 7
110 7
111 7
112 7
114 7
115 7
116 7
117 7
119 7
120 7
121 7
122 7
123 7
124 7
125 7
126 7
127 7
128 7
130 7
131 7
132 7
133 7
135 7
137 7
141 7
142 7
144 7
148 7
151 7
152 7
153 7
154 7
156 7
158 7
159 7
160 7
161 7
162 7
163 7
165 7
168 7
169 7
174 7
176 7
177 7
179 7
181 7
183 7
184 7
186 7
187 7
188 7
190 7
192 7
193 7
194 7
195 7
196 7
197 7
198 7
199 7
201 7
203 7
205 7
210 7
213 7
215 7
216 7
217 7
219 7
220 7
223 7
224 7
225 7
226 7
227 7
228 7
229 7
230 7
232 7
233 7
234 7
235 7
236 7
237 7
238 7
239 7
240 7
243 7
244 7
245 7
246 7
247 7
249 7
250 7
252 7
253 7
254 7
255 7
258 7
259 7
260 7
261 7
262 7
263 7
264 7
266 7
267 7
269 7
270 7
272 7
273 7
274 7
277 7
278 7
279 7
280 7
281 7
282 7
283 7
286 7
288 7
290 7
292 7
294 7
297 7
299 7
300 7
302 7
303 7
304 7
306 7
307 7
308 7
310 7
311 7
312 7
317 7
318 7
320 7
322 7
323 7
324 7
326 7
327 7
328 7
330 7
332 7
333 7
334 7
335 7
336 7
337 7
338 7
340 7
341 7
343 7
345 7
346 7
349 7
350 7
351 7
352 7
354 7
355 7
357 7
361 7
362 7
363 7
365 7
366 7
368 7
370 7
371 7
372 7
374 7
375 7
376 7
377 7
378 7
380 7
382 7
383 7
385 7
386 7
388 7
389 7
390 7
391 7
393 7
396 7
398 7
401 7
402 7
403 7
404 7
406 7
408 7
409 7
410 7
411 7
412 7
413 7
414 7
415 7
416 7
417 7
420 7
421 7
424 7
425 7
426 7
427 7
431 7
432 7
434 7
436 7
439 7
442 7
443 7
444 7
445 7
446 7
447 7
448 7
449 7
450 7
451 7
452 7
455 7
458 7
459 7
461 7
462 7
463 7
464 7
465 7
467 7
468 7
470 7
473 7
474 7
475 7
476 7
477 7
478 7
479 7
481 7
482 7
483 7
484 7
486 7
487 7
489 7
490 7
491 7
492 7
495 7
496 7
498 7
499 7
5 8
6 8
7 8
10 8
11 8
12 8
16 8
18 8
19 8
20 8
21 8
23 8
24 8
25 8
26 8
28 8
30 8
32 8
35 8
36 8
37 8
38 8
39 8
42 8
45 8
46 8
47 8
48 8
50 8
52 8
53 8
54 8
55 8
58 8
59 8
60 8
61 8
64 8
65 8
69 8
73 8
75 8
76 8
77 8
78 8
80 8
82 8
83 8
85 8
86 8
87 8
88 8
89 8
90 8
93 8
95 8
97 8
99 8
102 8
104 8
105 8
106 8
107 8
109 8
110 8
111 8
112 8
113 8
114 8
121 8
122 8
123 8
124 8
126 8
127 8
128 8
129 8
131 8
132 8
135 8
136 8
138 8
139 8
143 8
144 8
145 8
147 8
149 8
150 8
152 8
153 8
154 8
155 8
156 8
158 8
160 8
161 8
162 8
163 8
164 8
167 8
168 8
170 8
172 8
174 8
175 8
177 8
179 8
180 8
181 8
182 8
184 8
186 8
189 8
191 8
192 8
193 8
194 8
195 8
196 8
199 8
200 8
202 8
210 8
212 8
214 8
216 8
217 8
218 8
219 8
221 8
222 8
223 8
224 8
225 8
230 8
232 8
234 8
235 8
237 8
238 8
240 8
243 8
245 8
246 8
247 8
248 8
249 8
251 8
252 8
253 8
254 8
255 8
256 8
257 8
260 8
262 8
263 8
264 8
266 8
267 8
269 8
270 8
271 8
273 8
276 8
277 8
281 8
282 8
283 8
284 8
289 8
290 8
292 8
293 8
294 8
296 8
298 8
299 8
301 8
303 8
304 8
307 8
313 8
315 8
317 8
318 8
319 8
320 8
321 8
322 8
324 8
325 8
326 8
327 8
328 8
329 8
330 8
332 8
333 8
336 8
337 8
338 8
339 8
340 8
342 8
343 8
345 8
346 8
347 8
348 8
349 8
350 8
351 8
353 8
356 8
357 8
359 8
360 8
361 8
363 8
365 8
367 8
368 8
369 8
370 8
372 8
374 8
375 8
376 8
377 8
380 8
381 8
382 8
383 8
384 8
385 8
388 8
389 8
390 8
395 8
396 8
398 8
399 8
401 8
402 8
403 8
405 8
406 8
408 8
409 8
410 8
411 8
414 8
416 8
417 8
419 8
420 8
421 8
422 8
424 8
425 8
426 8
428 8
431 8
433 8
434 8
435 8
436 8
439 8
441 8
443 8
444 8
445 8
446 8
447 8
449 8
450 8
451 8
452 8
454 8
456 8
458 8
459 8
462 8
463 8
464 8
465 8
466 8
469 8
471 8
472 8
473 8
474 8
475 8
476 8
478 8
480 8
481 8
482 8
485 8
486 8
487 8
489 8
492 8
495 8
498 8
1 8
2 8
5 8
8 8
10 8
11 8
12 8
16 8
19 8
21 8
23 8
24 8
25 8
26 8
28 8
30 8
33 8
34 8
36 8
37 8
39 8
40 8
41 8
46 8
48 8
49 8
50 8
51 8
52 8
54 8
55 8
56 8
59 8
61 8
62 8
63 8
64 8
65 8
67 8
68 8
70 8
71 8
72 8
73 8
78 8
79 8
80 8
81 8
83 8
85 8
86 8
87 8
91 8
93 8
94 8
96 8
97 8
98 8
99 8
101 8
104 8
105 8
106 8
107 8
108 8
109 8
110 8
111 8
112 8
114 8
115 8
116 8
119 8
120 8
121 8
122 8
123 8
124 8
125 8
126 8
127 8
128 8
130 8
131 8
132 8
133 8
135 8
137 8
141 8
142 8
144 8
148 8
151 8
152 8
153 8
156 8
158 8
159 8
160 8
161 8
162 8
163 8
165 8
168 8
169 8
174 8
176 8
177 8
179 8
181 8
183 8
184 8
186 8
187 8
188 8
190 8
192 8
193 8
194 8
195 8
196 8
197 8
198 8
201 8
203 8
205 8
210 8
213 8
215 8
216 8
217 8
219 8
220 8
223 8
225 8
226 8
227 8
228 8
229 8
230 8
232 8
233 8
234 8
235 8
236 8
237 8
238 8
239 8
240 8
243 8
244 8
245 8
246 8
247 8
249 8
252 8
253 8
254 8
255 8
258 8
259 8
260 8
261 8
263 8
264 8
266 8
267 8
269 8
270 8
272 8
273 8
274 8
277 8
278 8
279 8
280 8
281 8
282 8
283 8
286 8
288 8
290 8
292 8
294 8
297 8
299 8
300 8
302 8
303 8
304 8
306 8
307 8
308 8
310 8
312 8
318 8
320 8
322 8
323 8
324 8
326 8
327 8
328 8
330 8
332 8
334 8
335 8
336 8
338 8
340 8
343 8
345 8
346 8
349 8
350 8
351 8
352 8
355 8
357 8
361 8
362 8
365 8
366 8
368 8
370 8
371 8
372 8
374 8
375 8
376 8
377 8
378 8
380 8
382 8
383 8
385 8
386 8
388 8
389 8
390 8
391 8
396 8
398 8
401 8
402 8
403 8
404 8
406 8
408 8
409 8
410 8
411 8
412 8
413 8
414 8
415 8
416 8
417 8
420 8
421 8
424 8
425 8
426 8
427 8
431 8
432 8
434 8
436 8
439 8
442 8
443 8
444 8
445 8
446 8
447 8
448 8
449 8
450 8
451 8
452 8
455 8
458 8
459 8
461 8
463 8
464 8
465 8
467 8
468 8
470 8
473 8
474 8
476 8
477 8
478 8
479 8
482 8
483 8
484 8
486 8
487 8
489 8
490 8
491 8
495 8
496 8
498 8
499 8
5 9
6 9
10 9
11 9
12 9
16 9
18 9
19 9
21 9
23 9
24 9
25 9
26 9
28 9
30 9
32 9
35 9
36 9
37 9
38 9
39 9
42 9
45 9
46 9
47 9
48 9
50 9
52 9
53 9
54 9
58 9
59 9
60 9
61 9
64 9
65 9
69 9
73 9
75 9
76 9
77 9
78 9
80 9
82 9
83 9
86 9
87 9
88 9
89 9
90 9
93 9
95 9
97 9
99 9
102 9
104 9
105 9
106 9
107 9
109 9
110 9
111 9
112 9
113 9
114 9
122 9
123 9
124 9
126 9
127 9
128 9
129 9
131 9
132 9
135 9
136 9
138 9
139 9
143 9
144 9
145 9
147 9
149 9
152 9
153 9
154 9
155 9
156 9
158 9
161 9
162 9
163 9
164 9
167 9
168 9
170 9
172 9
174 9
175 9
177 9
179 9
180 9
181 9
182 9
184 9
189 9
191 9
192 9
193 9
194 9
195 9
196 9
199 9
200 9
202 9
210 9
212 9
214 9
216 9
217 9
218 9
221 9
222 9
223 9
224 9
225 9
230 9
232 9
234 9
235 9
237 9
238 9
240 9
243 9
245 9
246 9
247 9
249 9
251 9
252 9
253 9
254 9
255 9
256 9
257 9
260 9
262 9
263 9
264 9
266 9
267 9
269 9
270 9
271 9
273 9
276 9
277 9
282 9
283 9
284 9
289 9
290 9
292 9
293 9
294 9
296 9
298 9
299 9
301 9
303 9
304 9
307 9
313 9
315 9
317 9
318 9
319 9
320 9
321 9
322 9
324 9
325 9
326 9
327 9
328 9
329 9
330 9
332 9
333 9
336 9
337 9
338 9
339 9
340 9
342 9
343 9
345 9
346 9
347 9
348 9
349 9
350 9
351 9
353 9
356 9
357 9
359 9
360 9
361 9
363 9
365 9
367 9
368 9
369 9
370 9
372 9
374 9
375 9
376 9
377 9
380 9
381 9
382 9
383 9
384 9
385 9
388 9
389 9
390 9
395 9
396 9
398 9
401 9
402 9
403 9
405 9
406 9
408 9
409 9
410 9
411 9
414 9
416 9
417 9
419 9
420 9
421 9
422 9
424 9
425 9
426 9
428 9
433 9
434 9
435 9
436 9
439 9
441 9
443 9
444 9
445 9
446 9
447 9
449 9
450 9
451 9
452 9
454 9
456 9
458 9
459 9
462 9
463 9
464 9
465 9
466 9
469 9
472 9
473 9
474 9
475 9
476 9
478 9
480 9
481 9
482 9
485 9
486 9
487 9
489 9
492 9
495 9
498 9
1 9
2 9
5 9
8 9
10 9
11 9
12 9
16 9
19 9
21 9
23 9
24 9
25 9
26 9
28 9
30 9
33 9
34 9
36 9
37 9
39 9
40 9
41 9
46 9
48 9
49 9
50 9
51 9
52 9
54 9
55 9
56 9
59 9
61 9
63 9
64 9
65 9
67 9
68 9
70 9
71 9
72 9
73 9
78 9
79 9
80 9
81 9
83 9
85 9
86 9
87 9
91 9
93 9
94 9
96 9
97 9
99 9
101 9
104 9
105 9
106 9
107 9
108 9
110 9
111 9
112 9
114 9
115 9
116 9
119 9
120 9
121 9
122 9
123 9
124 9
125 9
126 9
127 9
128 9
130 9
131 9
132 9
133 9
135 9
137 9
141 9
142 9
144 9
148 9
151 9
152 9
153 9
156 9
158 9
160 9
161 9
162 9
163 9
165 9
168 9
169 9
174 9
176 9
177 9
179 9
181 9
183 9
184 9
186 9
188 9
190 9
192 9
193 9
194 9
195 9
196 9
197 9
198 9
201 9
203 9
205 9
210 9
213 9
215 9
216 9
217 9
219 9
220 9
223 9
225 9
226 9
227 9
228 9
229 9
230 9
232 9
233 9
234 9
235 9
236 9
237 9
238 9
239 9
240 9
243 9
244 9
245 9
246 9
247 9
249 9
252 9
254 9
255 9
258 9
259 9
260 9
261 9
263 9
264 9
266 9
267 9
269 9
270 9
272 9
273 9
274 9
277 9
278 9
279 9
280 9
281 9
282 9
283 9
286 9
288 9
290 9
292 9
294 9
299 9
300 9
302 9
303 9
304 9
306 9
307 9
308 9
310 9
312 9
318 9
320 9
322 9
323 9
324 9
326 9
327 9
328 9
330 9
332 9
334 9
335 9
336 9
338 9
340 9
343 9
345 9
346 9
349 9
350 9
351 9
352 9
355 9
357 9
361 9
362 9
365 9
366 9
368 9
370 9
371 9
374 9
375 9
376 9
377 9
378 9
380 9
382 9
383 9
385 9
386 9
388 9
389 9
390 9
391 9
398 9
401 9
402 9
403 9
404 9
406 9
409 9
410 9
411 9
412 9
413 9
414 9
415 9
416 9
417 9
420 9
421 9
424 9
425 9
426 9
431 9
434 9
436 9
439 9
442 9
443 9
444 9
445 9
446 9
447 9
448 9
449 9
450 9
451 9
452 9
455 9
458 9
459 9
463 9
464 9
465 9
467 9
468 9
470 9
473 9
474 9
476 9
477 9
478 9
479 9
482 9
483 9
484 9
486 9
487 9
489 9
490 9
491 9
495 9
498 9
499 9
5 10
6 10
10 10
11 10
12 10
16 10
18 10
19 10
21 10
23 10
24 10
25 10
26 10
28 10
30 10
32 10
35 10
36 10
37 10
38 10
39 10
42 10
46 10
47 10
48 10
50 10
52 10
53 10
54 10
58 10
59 10
61 10
64 10
65 10
69 10
73 10
75 10
76 10
77 10
78 10
80 10
82 10
83 10
86 10
87 10
88 10
89 10
90 10
95 10
97 10
99 10
102 10
104 10
105 10
106 10
107 10
109 10
110 10
111 10
112 10
113 10
114 10
122 10
124 10
126 10
127 10
128 10
129 10
131 10
132 10
135 10
136 10
138 10
139 10
143 10
144 10
145 10
147 10
149 10
152 10
153 10
154 10
155 10
156 10
158 10
161 10
162 10
163 10
164 10
167 10
168 10
170 10
172 10
174 10
175 10
177 10
179 10
180 10
181 10
182 10
184 10
189 10
191 10
192 10
193 10
194 10
195 10
196 10
199 10
202 10
210 10
212 10
214 10
216 10
217 10
218 10
221 10
222 10
223 10
224 10
225 10
230 10
232 10
234 10
235 10
237 10
238 10
240 10
243 10
245 10
246 10
247 10
249 10
251 10
252 10
253 10
254 10
255 10
256 10
257 10
260 10
262 10
263 10
264 10
266 10
267 10
269 10
270 10
271 10
273 10
276 10
277 10
282 10
283 10
284 10
289 10
290 10
292 10
293 10
294 10
296 10
298 10
299 10
301 10
303 10
304 10
307 10
313 10
315 10
317 10
318 10
319 10
320 10
321 10
322 10
324 10
325 10
326 10
327 10
328 10
329 10
333 10
336 10
337 10
338 10
339 10
340 10
342 10
343 10
345 10
346 10
347 10
348 10
349 10
350 10
351 10
353 10
356 10
357 10
359 10
360 10
361 10
363 10
365 10
367 10
368 10
369 10
370 10
372 10
374 10
375 10
376 10
377 10
380 10
381 10
382 10
383 10
384 10
385 10
388 10
389 10
390 10
395 10
396 10
398 10
401 10
403 10
405 10
409 10
410 10
411 10
414 10
416 10
417 10
419 10
420 10
421 10
422 10
424 10
425 10
426 10
428 10
433 10
434 10
435 10
436 10
439 10
443 10
444 10
445 10
446 10
447 10
449 10
450 10
451 10
452 10
454 10
456 10
458 10
459 10
462 10
463 10
464 10
465 10
466 10
469 10
472 10
473 10
474 10
475 10
476 10
478 10
480 10
481 10
482 10
486 10
487 10
489 10
492 10
495 10
498 10
1 10
2 10
5 10
8 10
10 10
11 10
12 10
16 10
19 10
21 10
23 10
24 10
25 10
26 10
28 10
33 10
34 10
36 10
37 10
39 10
40 10
41 10
46 10
48 10
49 10
50 10
51 10
52 10
54 10
55 10
56 10
59 10
61 10
63 10
64 10
65 10
67 10
68 10
70 10
71 10
72 10
73 10
78 10
79 10
80 10
81 10
83 10
85 10
86 10
87 10
91 10
93 10
94 10
96 10
97 10
99 10
101 10
104 10
105 10
106 10
107 10
108 10
110 10
111 10
112 10
114 10
115 10
116 10
119 10
120 10
121 10
122 10
123 10
124 10
125 10
126 10
127 10
128 10
130 10
131 10
132 10
133 10
135 10
137 10
141 10
142 10
144 10
148 10
152 10
153 10
156 10
158 10
160 10
161 10
162 10
165 10
168 10
169 10
176 10
177 10
179 10
181 10
183 10
184 10
186 10
188 10
190 10
192 10
193 10
194 10
195 10
196 10
197 10
198 10
201 10
203 10
205 10
210 10
213 10
215 10
216 10
217 10
219 10
220 10
223 10
225 10
226 10
228 10
229 10
230 10
232 10
233 10
234 10
235 10
236 10
237 10
238 10
239 10
240 10
243 10
244 10
245 10
246 10
247 10
249 10
252 10
254 10
255 10
258 10
259 10
260 10
261 10
263 10
264 10
266 10
267 10
270 10
272 10
273 10
274 10
277 10
278 10
279 10
280 10
281 10
282 10
283 10
286 10
288 10
290 10
292 10
294 10
299 10
300 10
302 10
303 10
306 10
307 10
308 10
310 10
312 10
318 10
320 10
322 10
323 10
324 10
326 10
327 10
328 10
330 10
332 10
334 10
335 10
336 10
338 10
340 10
343 10
345 10
346 10
349 10
350 10
351 10
352 10
355 10
357 10
361 10
362 10
365 10
366 10
368 10
370 10
371 10
374 10
375 10
376 10
377 10
378 10
380 10
382 10
383 10
385 10
388 10
389 10
390 10
391 10
398 10
401 10
402 10
403 10
404 10
406 10
409 10
410 10
411 10
412 10
413 10
414 10
415 10
416 10
417 10
420 10
421 10
424 10
425 10
426 10
431 10
434 10
436 10
439 10
442 10
443 10
444 10
445 10
446 10
447 10
448 10
449 10
450 10
451 10
452 10
455 10
458 10
459 10
463 10
464 10
465 10
468 10
470 10
473 10
474 10
476 10
477 10
478 10
479 10
483 10
484 10
486 10
487 10
489 10
490 10
491 10
495 10
498 10
499 10
5 11
6 11
10 11
11 11
12 11
16 11
18 11
19 11
21 11
23 11
24 11
25 11
26 11
28 11
30 11
32 11
35 11
36 11
37 11
38 11
39 11
42 11
46 11
47 11
48 11
50 11
53 11
54 11
58 11
59 11
61 11
64 11
65 11
69 11
73 11
75 11
76 11
77 11
78 11
80 11
82 11
83 11
86 11
87 11
88 11
89 11
90 11
95 11
97 11
99 11
102 11
104 11
107 11
109 11
110 11
111 11
112 11
113 11
114 11
122 11
124 11
126 11
127 11
128 11
129 11
131 11
132 11
135 11
136 11
138 11
139 11
143 11
144 11
145 11
147 11
149 11
152 11
153 11
154 11
155 11
156 11
158 11
161 11
162 11
163 11
164 11
167 11
168 11
170 11
174 11
175 11
179 11
180 11
181 11
182 11
189 11
191 11
192 11
193 11
194 11
195 11
196 11
199 11
202 11
210 11
212 11
216 11
217 11
218 11
221 11
222 11
223 11
224 11
225 11
230 11
234 11
235 11
238 11
240 11
243 11
245 11
246 11
247 11
249 11
251 11
252 11
254 11
255 11
257 11
260 11
262 11
263 11
264 11
266 11
267 11
269 11
270 11
271 11
276 11
277 11
282 11
283 11
284 11
289 11
290 11
292 11
293 11
294 11
296 11
298 11
299 11
301 11
303 11
304 11
307 11
313 11
315 11
317 11
318 11
320 11
321 11
322 11
324 11
325 11
326 11
327 11
328 11
329 11
333 11
337 11
338 11
339 11
340 11
342 11
343 11
345 11
346 11
347 11
349 11
350 11
351 11
353 11
356 11
357 11
359 11
360 11
361 11
363 11
365 11
367 11
368 11
369 11
370 11
372 11
374 11
375 11
377 11
380 11
381 11
382 11
383 11
384 11
388 11
389 11
390 11
395 11
396 11
398 11
401 11
403 11
405 11
409 11
410 11
411 11
414 11
416 11
417 11
419 11
420 11
421 11
422 11
424 11
425 11
426 11
428 11
433 11
434 11
435 11
436 11
439 11
443 11
444 11
445 11
446 11
447 11
449 11
451 11
452 11
454 11
456 11
459 11
462 11
463 11
464 11
465 11
466 11
469 11
472 11
473 11
474 11
476 11
478 11
480 11
481 11
482 11
486 11
487 11
489 11
492 11
495 11
498 11
2 11
5 11
8 11
10 11
11 11
12 11
16 11
19 11
21 11
23 11
24 11
25 11
26 11
33 11
34 11
36 11
37 11
39 11
40 11
41 11
46 11
48 11
49 11
50 11
52 11
54 11
55 11
56 11
59 11
61 11
63 11
64 11
65 11
67 11
68 11
70 11
71 11
72 11
78 11
79 11
80 11
81 11
83 11
85 11
86 11
87 11
91 11
93 11
94 11
97 11
99 11
101 11
104 11
105 11
106 11
107 11
108 11
110 11
111 11
112 11
114 11
115 11
116 11
119 11
120 11
121 11
122 11
123 11
124 11
125 11
126 11
127 11
128 11
130 11
131 11
132 11
133 11
135 11
137 11
141 11
142 11
144 11
148 11
152 11
153 11
156 11
158 11
160 11
161 11
162 11
165 11
168 11
169 11
176 11
177 11
179 11
183 11
184 11
186 11
188 11
190 11
192 11
193 11
194 11
195 11
196 11
197 11
198 11
201 11
203 11
205 11
210 11
213 11
215 11
216 11
217 11
219 11
220 11
223 11
225 11
226 11
228 11
229 11
230 11
232 11
233 11
234 11
235 11
236 11
237 11
238 11
239 11
240 11
243 11
245 11
246 11
247 11
249 11
252 11
254 11
255 11
258 11
259 11
261 11
263 11
264 11
267 11
270 11
272 11
273 11
274 11
277 11
278 11
279 11
281 11
282 11
283 11
286 11
288 11
290 11
292 11
294 11
299 11
300 11
302 11
303 11
306 11
307 11
308 11
310 11
312 11
318 11
320 11
322 11
323 11
324 11
326 11
327 11
328 11
330 11
332 11
334 11
335 11
336 11
338 11
340 11
343 11
345 11
346 11
349 11
350 11
351 11
352 11
355 11
357 11
361 11
362 11
365 11
366 11
368 11
370 11
371 11
374 11
375 11
377 11
378 11
382 11
383 11
385 11
388 11
389 11
390 11
391 11
398 11
401 11
402 11
403 11
404 11
406 11
409 11
410 11
411 11
412 11
413 11
414 11
415 11
416 11
417 11
421 11
424 11
425 11
426 11
431 11
436 11
439 11
442 11
443 11
444 11
445 11
446 11
447 11
448 11
449 11
450 11
451 11
452 11
455 11
458 11
459 11
463 11
464 11
465 11
468 11
470 11
473 11
474 11
476 11
477 11
478 11
479 11
483 11
484 11
486 11
487 11
489 11
490 11
491 11
495 11
498 11
499 11
5 12
6 12
10 12
11 12
16 12
18 12
19 12
21 12
23 12
24 12
25 12
26 12
28 12
30 12
32 12
35 12
36 12
37 12
38 12
39 12
42 12
46 12
47 12
48 12
50 12
53 12
54 12
58 12
59 12
61 12
64 12
65 12
69 12
73 12
75 12
76 12
77 12
78 12
80 12
82 12
83 12
86 12
87 12
88 12
89 12
90 12
95 12
97 12
99 12
102 12
107 12
109 12
110 12
111 12
112 12
114 12
122 12
124 12
126 12
127 12
128 12
129 12
131 12
132 12
135 12
136 12
138 12
139 12
143 12
144 12
145 12
147 12
149 12
154 12
155 12
158 12
161 12
162 12
163 12
167 12
168 12
170 12
174 12
175 12
179 12
180 12
181 12
182 12
189 12
191 12
192 12
193 12
194 12
195 12
196 12
199 12
202 12
210 12
212 12
216 12
217 12
218 12
221 12
223 12
224 12
225 12
230 12
234 12
235 12
238 12
240 12
243 12
245 12
246 12
247 12
249 12
251 12
252 12
255 12
257 12
260 12
262 12
263 12
264 12
266 12
267 12
269 12
270 12
271 12
276 12
277 12
282 12
283 12
284 12
289 12
290 12
292 12
293 12
294 12
296 12
298 12
299 12
301 12
303 12
304 12
307 12
313 12
315 12
317 12
318 12
320 12
321 12
322 12
324 12
325 12
326 12
327 12
328 12
329 12
333 12
337 12
338 12
339 12
340 12
342 12
343 12
345 12
346 12
347 12
349 12
350 12
351 12
353 12
356 12
357 12
359 12
360 12
361 12
363 12
365 12
368 12
369 12
370 12
372 12
374 12
375 12
377 12
380 12
381 12
382 12
383 12
384 12
388 12
390 12
395 12
396 12
398 12
401 12
403 12
405 12
409 12
410 12
414 12
416 12
417 12
419 12
420 12
421 12
422 12
424 12
425 12
426 12
428 12
433 12
434 12
435 12
436 12
439 12
443 12
444 12
445 12
446 12
447 12
449 12
451 12
452 12
454 12
456 12
459 12
462 12
463 12
464 12
465 12
466 12
469 12
472 12
473 12
474 12
476 12
478 12
481 12
486 12
487 12
489 12
492 12
495 12
498 12
2 12
5 12
8 12
10 12
11 12
12 12
16 12
19 12
21 12
23 12
24 12
25 12
33 12
34 12
36 12
37 12
39 12
40 12
41 12
46 12
48 12
49 12
50 12
52 12
54 12
55 12
56 12
61 12
64 12
67 12
68 12
70 12
71 12
72 12
78 12
79 12
80 12
81 12
85 12
86 12
87 12
93 12
94 12
97 12
99 12
101 12
104 12
105 12
106 12
107 12
108 12
110 12
111 12
112 12
116 12
119 12
120 12
121 12
122 12
123 12
124 12
125 12
126 12
127 12
128 12
130 12
131 12
132 12
133 12
135 12
137 12
141 12
142 12
144 12
148 12
152 12
153 12
156 12
158 12
160 12
161 12
162 12
165 12
168 12
169 12
176 12
177 12
179 12
183 12
184 12
186 12
188 12
190 12
192 12
193 12
194 12
195 12
196 12
197 12
198 12
201 12
203 12
205 12
210 12
213 12
215 12
216 12
217 12
219 12
220 12
223 12
225 12
226 12
228 12
229 12
230 12
232 12
233 12
234 12
235 12
236 12
237 12
238 12
239 12
240 12
243 12
245 12
246 12
247 12
249 12
254 12
255 12
258 12
261 12
263 12
264 12
270 12
272 12
273 12
274 12
277 12
278 12
281 12
282 12
283 12
286 12
288 12
290 12
292 12
299 12
300 12
302 12
303 12
306 12
307 12
308 12
310 12
312 12
318 12
320 12
322 12
324 12
326 12
327 12
328 12
330 12
334 12
335 12
336 12
340 12
343 12
345 12
346 12
349 12
350 12
351 12
352 12
355 12
357 12
361 12
362 12
365 12
366 12
368 12
370 12
371 12
374 12
375 12
377 12
378 12
382 12
383 12
385 12
388 12
389 12
390 12
391 12
398 12
401 12
402 12
403 12
406 12
409 12
410 12
411 12
412 12
413 12
415 12
416 12
417 12
421 12
424 12
425 12
426 12
431 12
436 12
439 12
442 12
443 12
444 12
445 12
447 12
448 12
449 12
450 12
451 12
452 12
455 12
458 12
459 12
463 12
464 12
465 12
468 12
470 12
473 12
474 12
476 12
477 12
478 12
479 12
484 12
486 12
487 12
489 12
491 12
495 12
498 12
499 12
5 13
6 13
10 13
11 13
16 13
18 13
19 13
23 13
24 13
25 13
26 13
28 13
30 13
32 13
35 13
36 13
37 13
38 13
39 13
42 13
46 13
47 13
48 13
50 13
53 13
54 13
59 13
64 13
65 13
69 13
73 13
75 13
76 13
77 13
78 13
80 13
82 13
83 13
86 13
87 13
88 13
89 13
90 13
95 13
97 13
99 13
102 13
107 13
109 13
110 13
111 13
112 13
114 13
122 13
124 13
127 13
128 13
129 13
131 13
132 13
135 13
136 13
138 13
143 13
144 13
145 13
147 13
149 13
154 13
155 13
158 13
161 13
162 13
163 13
167 13
168 13
170 13
174 13
175 13
179 13
180 13
181 13
182 13
189 13
191 13
192 13
193 13
194 13
196 13
199 13
202 13
210 13
212 13
216 13
217 13
218 13
221 13
223 13
224 13
225 13
234 13
235 13
238 13
240 13
243 13
246 13
247 13
249 13
251 13
252 13
255 13
257 13
260 13
262 13
263 13
266 13
267 13
269 13
270 13
271 13
276 13
277 13
282 13
283 13
284 13
289 13
290 13
292 13
293 13
294 13
296 13
298 13
299 13
301 13
303 13
304 13
313 13
315 13
317 13
318 13
320 13
321 13
322 13
324 13
326 13
327 13
328 13
329 13
333 13
337 13
338 13
339 13
340 13
342 13
343 13
345 13
346 13
347 13
349 13
350 13
351 13
353 13
356 13
357 13
359 13
360 13
361 13
363 13
365 13
368 13
369 13
370 13
372 13
374 13
375 13
377 13
380 13
381 13
382 13
383 13
384 13
388 13
390 13
395 13
396 13
398 13
401 13
403 13
405 13
409 13
410 13
414 13
416 13
417 13
419 13
420 13
421 13
424 13
425 13
426 13
428 13
433 13
434 13
435 13
436 13
439 13
443 13
444 13
445 13
446 13
449 13
451 13
452 13
454 13
456 13
459 13
462 13
463 13
464 13
465 13
466 13
469 13
472 13
473 13
474 13
476 13
478 13
481 13
486 13
487 13
489 13
492 13
495 13
2 13
8 13
10 13
11 13
12 13
16 13
19 13
21 13
23 13
24 13
25 13
33 13
34 13
36 13
39 13
40 13
41 13
46 13
48 13
49 13
50 13
52 13
54 13
55 13
56 13
61 13
64 13
67 13
68 13
70 13
71 13
72 13
78 13
79 13
80 13
81 13
85 13
86 13
87 13
93 13
94 13
97 13
99 13
101 13
104 13
106 13
107 13
108 13
110 13
111 13
112 13
116 13
119 13
120 13
121 13
122 13
123 13
124 13
125 13
127 13
128 13
130 13
131 13
133 13
135 13
137 13
141 13
142 13
144 13
148 13
152 13
153 13
156 13
158 13
160 13
161 13
162 13
165 13
168 13
169 13
176 13
177 13
179 13
183 13
184 13
186 13
188 13
190 13
192 13
194 13
195 13
196 13
197 13
198 13
201 13
203 13
205 13
210 13
213 13
215 13
216 13
217 13
219 13
220 13
223 13
225 13
226 13
228 13
230 13
232 13
233 13
234 13
235 13
237 13
238 13
239 13
243 13
245 13
246 13
247 13
249 13
254 13
255 13
258 13
261 13
263 13
264 13
270 13
272 13
273 13
274 13
277 13
278 13
281 13
282 13
283 13
286 13
288 13
290 13
292 13
299 13
300 13
302 13
303 13
306 13
307 13
308 13
310 13
312 13
318 13
320 13
324 13
326 13
327 13
328 13
330 13
334 13
335 13
336 13
340 13
343 13
345 13
346 13
349 13
350 13
351 13
352 13
355 13
357 13
361 13
362 13
365 13
366 13
368 13
370 13
374 13
375 13
377 13
378 13
382 13
383 13
385 13
388 13
389 13
390 13
391 13
398 13
401 13
402 13
403 13
406 13
409 13
410 13
411 13
412 13
413 13
415 13
416 13
417 13
424 13
425 13
426 13
431 13
436 13
439 13
442 13
443 13
444 13
445 13
447 13
448 13
449 13
450 13
451 13
452 13
455 13
458 13
459 13
463 13
464 13
465 13
468 13
470 13
473 13
474 13
476 13
477 13
478 13
484 13
486 13
487 13
489 13
495 13
498 13
499 13
5 14
6 14
10 14
11 14
18 14
19 14
23 14
24 14
25 14
26 14
30 14
32 14
35 14
36 14
37 14
38 14
39 14
42 14
46 14
47 14
48 14
50 14
53 14
54 14
59 14
64 14
65 14
69 14
73 14
75 14
76 14
77 14
78 14
80 14
82 14
83 14
86 14
87 14
88 14
89 14
90 14
95 14
97 14
102 14
107 14
109 14
110 14
111 14
112 14
114 14
122 14
124 14
127 14
128 14
129 14
131 14
132 14
135 14
136 14
138 14
143 14
144 14
145 14
147 14
149 14
154 14
158 14
161 14
162 14
163 14
167 14
168 14
170 14
174 14
175 14
179 14
180 14
181 14
182 14
189 14
191 14
192 14
193 14
194 14
196 14
199 14
202 14
210 14
212 14
216 14
217 14
218 14
221 14
224 14
225 14
234 14
235 14
238 14
240 14
243 14
246 14
249 14
251 14
252 14
255 14
257 14
260 14
262 14
263 14
266 14
267 14
269 14
270 14
271 14
276 14
277 14
282 14
283 14
284 14
289 14
290 14
293 14
294 14
296 14
298 14
299 14
301 14
303 14
304 14
313 14
315 14
317 14
318 14
320 14
321 14
322 14
324 14
326 14
327 14
328 14
329 14
333 14
337 14
338 14
339 14
340 14
342 14
343 14
346 14
347 14
349 14
350 14
351 14
353 14
356 14
357 14
359 14
360 14
361 14
363 14
365 14
368 14
369 14
370 14
372 14
374 14
375 14
377 14
380 14
381 14
382 14
383 14
384 14
388 14
390 14
395 14
396 14
398 14
401 14
403 14
405 14
410 14
414 14
416 14
417 14
419 14
420 14
421 14
424 14
425 14
426 14
428 14
433 14
434 14
435 14
436 14
439 14
443 14
444 14
445 14
446 14
449 14
451 14
454 14
456 14
459 14
462 14
463 14
464 14
465 14
466 14
469 14
472 14
473 14
476 14
478 14
481 14
487 14
489 14
492 14
495 14
2 14
8 14
10 14
11 14
12 14
16 14
19 14
21 14
23 14
24 14
25 14
33 14
34 14
36 14
39 14
40 14
41 14
48 14
49 14
50 14
52 14
54 14
55 14
56 14
61 14
64 14
67 14
68 14
70 14
71 14
72 14
78 14
80 14
81 14
85 14
86 14
87 14
93 14
94 14
97 14
99 14
101 14
106 14
107 14
108 14
110 14
111 14
112 14
119 14
120 14
121 14
122 14
123 14
124 14
125 14
127 14
128 14
130 14
131 14
133 14
135 14
137 14
141 14
142 14
148 14
152 14
153 14
156 14
158 14
160 14
161 14
165 14
168 14
169 14
176 14
177 14
179 14
183 14
184 14
186 14
188 14
192 14
194 14
195 14
197 14
198 14
201 14
203 14
205 14
210 14
213 14
215 14
216 14
217 14
219 14
220 14
223 14
226 14
228 14
230 14
232 14
233 14
234 14
237 14
238 14
239 14
243 14
245 14
246 14
247 14
249 14
254 14
255 14
258 14
261 14
263 14
264 14
270 14
272 14
273 14
274 14
277 14
278 14
281 14
282 14
283 14
286 14
288 14
290 14
292 14
299 14
300 14
302 14
303 14
307 14
308 14
310 14
312 14
318 14
320 14
324 14
326 14
327 14
328 14
330 14
334 14
335 14
336 14
340 14
343 14
345 14
346 14
349 14
350 14
351 14
352 14
355 14
357 14
361 14
362 14
365 14
366 14
368 14
370 14
374 14
375 14
377 14
378 14
382 14
383 14
385 14
388 14
389 14
390 14
391 14
398 14
401 14
402 14
403 14
406 14
409 14
410 14
411 14
412 14
413 14
416 14
417 14
424 14
426 14
431 14
436 14
439 14
442 14
443 14
444 14
445 14
447 14
448 14
449 14
450 14
451 14
452 14
455 14
458 14
459 14
463 14
464 14
465 14
468 14
470 14
473 14
474 14
476 14
477 14
478 14
484 14
486 14
489 14
495 14
499 14
5 15
6 15
10 15
11 15
18 15
23 15
24 15
25 15
26 15
35 15
36 15
37 15
38 15
42 15
46 15
47 15
48 15
53 15
54 15
59 15
64 15
65 15
69 15
73 15
75 15
77 15
78 15
80 15
83 15
86 15
87 15
88 15
89 15
90 15
95 15
97 15
107 15
109 15
110 15
111 15
112 15
114 15
122 15
124 15
127 15
128 15
129 15
131 15
132 15
136 15
138 15
143 15
144 15
145 15
147 15
149 15
154 15
158 15
161 15
162 15
163 15
167 15
168 15
170 15
174 15
175 15
180 15
181 15
182 15
189 15
191 15
192 15
193 15
194 15
196 15
199 15
202 15
210 15
212 15
216 15
217 15
218 15
221 15
224 15
225 15
234 15
235 15
238 15
240 15
243 15
246 15
249 15
251 15
252 15
255 15
260 15
262 15
263 15
266 15
267 15
269 15
270 15
271 15
276 15
277 15
282 15
283 15
284 15
289 15
290 15
293 15
294 15
296 15
298 15
299 15
301 15
303 15
304 15
313 15
315 15
317 15
318 15
320 15
321 15
324 15
326 15
327 15
328 15
333 15
337 15
338 15
339 15
340 15
342 15
343 15
346 15
347 15
350 15
353 15
356 15
357 15
359 15
360 15
361 15
363 15
365 15
368 15
369 15
370 15
372 15
374 15
375 15
377 15
382 15
383 15
388 15
390 15
395 15
396 15
401 15
403 15
405 15
410 15
414 15
416 15
417 15
419 15
420 15
421 15
425 15
426 15
428 15
433 15
434 15
435 15
436 15
439 15
443 15
446 15
449 15
451 15
454 15
459 15
462 15
463 15
464 15
465 15
466 15
469 15
472 15
473 15
476 15
478 15
481 15
487 15
489 15
492 15
495 15
2 15
8 15
10 15
12 15
16 15
19 15
21 15
23 15
24 15
25 15
33 15
34 15
36 15
39 15
40 15
41 15
48 15
49 15
52 15
54 15
55 15
56 15
61 15
64 15
67 15
68 15
71 15
72 15
78 15
80 15
81 15
85 15
86 15
87 15
94 15
97 15
101 15
106 15
107 15
108 15
111 15
112 15
119 15
121 15
122 15
123 15
124 15
125 15
127 15
128 15
131 15
133 15
135 15
137 15
141 15
142 15
152 15
156 15
158 15
160 15
161 15
165 15
168 15
169 15
176 15
179 15
183 15
184 15
186 15
188 15
192 15
194 15
195 15
197 15
198 15
201 15
203 15
205 15
210 15
213 15
215 15
216 15
217 15
219 15
220 15
223 15
228 15
230 15
232 15
233 15
234 15
237 15
238 15
239 15
243 15
245 15
246 15
247 15
254 15
255 15
261 15
263 15
264 15
270 15
272 15
273 15
274 15
277 15
278 15
281 15
282 15
283 15
286 15
288 15
290 15
292 15
299 15
300 15
302 15
303 15
307 15
308 15
310 15
312 15
318 15
320 15
324 15
326 15
327 15
328 15
330 15
335 15
336 15
340 15
343 15
345 15
346 15
349 15
350 15
351 15
352 15
355 15
357 15
361 15
362 15
365 15
366 15
368 15
370 15
374 15
375 15
377 15
378 15
382 15
383 15
385 15
388 15
389 15
390 15
391 15
398 15
401 15
403 15
409 15
410 15
411 15
412 15
416 15
417 15
426 15
431 15
436 15
439 15
442 15
443 15
444 15
445 15
447 15
448 15
449 15
450 15
451 15
452 15
455 15
458 15
459 15
463 15
464 15
465 15
468 15
470 15
473 15
476 15
477 15
478 15
484 15
486 15
489 15
495 15
499 15
5 16
6 16
10 16
11 16
18 16
24 16
25 16
26 16
35 16
36 16
37 16
42 16
46 16
47 16
48 16
53 16
54 16
59 16
64 16
65 16
69 16
73 16
75 16
77 16
78 16
80 16
83 16
86 16
87 16
88 16
89 16
90 16
95 16
97 16
107 16
109 16
110 16
111 16
112 16
114 16
122 16
124 16
127 16
128 16
129 16
131 16
132 16
136 16
138 16
143 16
144 16
145 16
147 16
154 16
162 16
163 16
167 16
168 16
170 16
174 16
175 16
181 16
182 16
189 16
191 16
192 16
193 16
194 16
196 16
199 16
202 16
210 16
216 16
217 16
218 16
221 16
224 16
225 16
234 16
235 16
238 16
240 16
243 16
246 16
249 16
251 16
252 16
255 16
260 16
262 16
263 16
266 16
267 16
269 16
270 16
271 16
276 16
277 16
282 16
283 16
284 16
289 16
290 16
293 16
294 16
296 16
298 16
299 16
301 16
303 16
304 16
313 16
315 16
317 16
318 16
320 16
321 16
324 16
326 16
327 16
328 16
333 16
337 16
338 16
339 16
340 16
342 16
343 16
346 16
347 16
350 16
353 16
356 16
357 16
359 16
360 16
361 16
363 16
365 16
368 16
369 16
370 16
372 16
374 16
375 16
377 16
382 16
383 16
388 16
390 16
395 16
396 16
401 16
403 16
405 16
410 16
414 16
416 16
417 16
419 16
420 16
421 16
425 16
426 16
428 16
433 16
434 16
435 16
436 16
439 16
443 16
446 16
449 16
451 16
454 16
459 16
462 16
463 16
464 16
465 16
466 16
472 16
476 16
478 16
481 16
487 16
489 16
492 16
495 16
8 16
10 16
12 16
16 16
19 16
21 16
23 16
24 16
25 16
33 16
34 16
36 16
39 16
40 16
41 16
48 16
49 16
52 16
54 16
55 16
56 16
61 16
64 16
67 16
68 16
71 16
72 16
78 16
80 16
81 16
85 16
86 16
87 16
94 16
97 16
101 16
106 16
107 16
108 16
111 16
112 16
119 16
121 16
122 16
123 16
124 16
125 16
127 16
128 16
131 16
135 16
137 16
141 16
142 16
152 16
156 16
158 16
160 16
161 16
165 16
168 16
169 16
176 16
179 16
183 16
184 16
186 16
188 16
192 16
195 16
197 16
198 16
201 16
203 16
205 16
210 16
213 16
215 16
216 16
217 16
219 16
220 16
223 16
228 16
230 16
232 16
233 16
234 16
237 16
238 16
239 16
243 16
245 16
246 16
254 16
255 16
261 16
263 16
264 16
270 16
272 16
273 16
274 16
277 16
278 16
281 16
282 16
283 16
286 16
288 16
292 16
299 16
300 16
303 16
308 16
310 16
312 16
318 16
320 16
324 16
326 16
327 16
328 16
330 16
335 16
336 16
340 16
343 16
345 16
346 16
350 16
351 16
352 16
357 16
361 16
362 16
365 16
366 16
368 16
370 16
374 16
375 16
377 16
378 16
382 16
383 16
385 16
388 16
389 16
390 16
391 16
398 16
401 16
403 16
409 16
410 16
411 16
412 16
416 16
417 16
426 16
431 16
436 16
439 16
443 16
444 16
445 16
447 16
448 16
449 16
450 16
451 16
452 16
455 16
458 16
459 16
463 16
464 16
465 16
468 16
470 16
473 16
476 16
477 16
478 16
484 16
486 16
489 16
495 16
499 16
5 17
6 17
10 17
11 17
18 17
24 17
25 17
26 17
36 17
37 17
42 17
46 17
47 17
48 17
53 17
64 17
65 17
69 17
73 17
75 17
77 17
78 17
86 17
87 17
88 17
89 17
95 17
97 17
107 17
109 17
110 17
111 17
112 17
114 17
122 17
124 17
127 17
129 17
131 17
132 17
136 17
138 17
143 17
144 17
145 17
147 17
154 17
162 17
163 17
167 17
168 17
170 17
174 17
175 17
181 17
182 17
189 17
191 17
192 17
193 17
194 17
196 17
199 17
202 17
210 17
216 17
217 17
218 17
221 17
225 17
234 17
235 17
238 17
240 17
243 17
246 17
249 17
251 17
255 17
262 17
263 17
266 17
270 17
271 17
276 17
277 17
282 17
283 17
284 17
289 17
290 17
293 17
294 17
296 17
298 17
299 17
301 17
303 17
304 17
313 17
315 17
317 17
318 17
320 17
321 17
324 17
326 17
327 17
328 17
333 17
337 17
338 17
339 17
340 17
342 17
343 17
346 17
347 17
350 17
353 17
356 17
357 17
359 17
360 17
361 17
363 17
365 17
368 17
369 17
370 17
372 17
374 17
375 17
377 17
382 17
383 17
388 17
390 17
395 17
396 17
401 17
403 17
405 17
410 17
414 17
416 17
417 17
419 17
420 17
421 17
425 17
426 17
428 17
434 17
435 17
436 17
439 17
443 17
446 17
449 17
451 17
454 17
459 17
462 17
463 17
464 17
465 17
466 17
472 17
476 17
478 17
481 17
487 17
492 17
495 17
8 17
10 17
12 17
16 17
19 17
21 17
23 17
24 17
25 17
33 17
36 17
39 17
40 17
41 17
48 17
52 17
54 17
55 17
56 17
61 17
64 17
67 17
68 17
71 17
72 17
78 17
80 17
81 17
85 17
86 17
87 17
94 17
97 17
101 17
106 17
107 17
108 17
111 17
112 17
119 17
122 17
123 17
124 17
125 17
127 17
128 17
131 17
135 17
137 17
142 17
152 17
156 17
158 17
160 17
161 17
168 17
169 17
176 17
183 17
184 17
186 17
188 17
192 17
195 17
197 17
198 17
201 17
203 17
205 17
210 17
213 17
215 17
216 17
217 17
219 17
220 17
223 17
228 17
230 17
232 17
233 17
234 17
237 17
238 17
239 17
243 17
245 17
246 17
254 17
255 17
261 17
263 17
270 17
272 17
273 17
277 17
278 17
281 17
282 17
283 17
286 17
288 17
292 17
299 17
300 17
303 17
308 17
310 17
312 17
318 17
320 17
324 17
326 17
327 17
328 17
330 17
335 17
336 17
340 17
343 17
345 17
350 17
351 17
352 17
357 17
361 17
362 17
365 17
366 17
368 17
370 17
374 17
375 17
377 17
378 17
382 17
383 17
385 17
388 17
389 17
390 17
391 17
398 17
401 17
403 17
409 17
410 17
411 17
412 17
416 17
417 17
426 17
431 17
436 17
439 17
443 17
444 17
445 17
447 17
449 17
450 17
452 17
455 17
458 17
459 17
463 17
464 17
465 17
468 17
470 17
473 17
476 17
477 17
478 17
484 17
486 17
489 17
495 17
499 17
5 18
6 18
10 18
11 18
24 18
25 18
26 18
36 18
37 18
42 18
47 18
48 18
64 18
65 18
69 18
73 18
75 18
77 18
78 18
86 18
87 18
88 18
89 18
97 18
107 18
109 18
110 18
111 18
112 18
114 18
122 18
124 18
127 18
129 18
131 18
132 18
136 18
138 18
143 18
144 18
145 18
147 18
154 18
162 18
163 18
167 18
168 18
170 18
174 18
175 18
181 18
182 18
189 18
191 18
192 18
193 18
194 18
196 18
199 18
202 18
210 18
216 18
217 18
218 18
221 18
234 18
235 18
238 18
240 18
243 18
246 18
249 18
251 18
255 18
262 18
263 18
266 18
270 18
271 18
276 18
277 18
282 18
283 18
284 18
289 18
290 18
293 18
294 18
296 18
298 18
299 18
301 18
303 18
304 18
313 18
315 18
317 18
318 18
320 18
321 18
324 18
326 18
327 18
328 18
333 18
337 18
338 18
339 18
340 18
343 18
346 18
347 18
350 18
353 18
356 18
357 18
359 18
360 18
361 18
363 18
365 18
368 18
369 18
370 18
372 18
374 18
375 18
377 18
382 18
383 18
388 18
390 18
395 18
396 18
401 18
403 18
405 18
410 18
414 18
416 18
417 18
419 18
420 18
421 18
425 18
426 18
434 18
435 18
436 18
439 18
443 18
446 18
449 18
451 18
454 18
459 18
462 18
463 18
464 18
465 18
466 18
472 18
476 18
478 18
481 18
487 18
492 18
495 18
8 18
10 18
12 18
16 18
19 18
21 18
23 18
24 18
25 18
33 18
36 18
39 18
40 18
41 18
48 18
52 18
54 18
55 18
56 18
61 18
64 18
67 18
68 18
71 18
72 18
78 18
80 18
81 18
85 18
86 18
87 18
94 18
97 18
101 18
106 18
107 18
108 18
112 18
119 18
122 18
123 18
124 18
127 18
128 18
131 18
135 18
137 18
142 18
152 18
156 18
158 18
160 18
161 18
168 18
169 18
176 18
183 18
184 18
186 18
188 18
192 18
195 18
197 18
198 18
201 18
203 18
210 18
213 18
215 18
216 18
217 18
219 18
220 18
223 18
228 18
230 18
232 18
233 18
237 18
238 18
239 18
243 18
245 18
246 18
254 18
255 18
261 18
263 18
270 18
272 18
277 18
278 18
281 18
282 18
283 18
286 18
292 18
299 18
300 18
303 18
308 18
310 18
312 18
318 18
320 18
324 18
326 18
327 18
328 18
330 18
335 18
336 18
340 18
343 18
345 18
350 18
351 18
352 18
357 18
361 18
362 18
365 18
366 18
368 18
370 18
374 18
375 18
377 18
378 18
382 18
383 18
385 18
388 18
389 18
390 18
391 18
398 18
401 18
403 18
409 18
410 18
411 18
412 18
416 18
417 18
426 18
431 18
436 18
439 18
443 18
444 18
445 18
447 18
449 18
450 18
452 18
455 18
458 18
459 18
463 18
464 18
465 18
468 18
470 18
473 18
477 18
478 18
484 18
486 18
495 18
499 18
5 19
6 19
10 19
11 19
24 19
25 19
26 19
36 19
37 19
42 19
47 19
48 19
64 19
65 19
69 19
73 19
75 19
77 19
78 19
86 19
87 19
88 19
89 19
97 19
107 19
109 19
111 19
112 19
114 19
122 19
127 19
129 19
131 19
132 19
136 19
138 19
144 19
145 19
147 19
154 19
162 19
163 19
167 19
168 19
174 19
181 19
182 19
189 19
192 19
193 19
194 19
196 19
199 19
202 19
210 19
216 19
218 19
221 19
234 19
235 19
238 19
240 19
243 19
246 19
249 19
251 19
255 19
262 19
263 19
266 19
270 19
271 19
276 19
277 19
282 19
283 19
284 19
290 19
293 19
294 19
296 19
298 19
301 19
303 19
304 19
313 19
315 19
317 19
318 19
320 19
321 19
324 19
326 19
327 19
328 19
333 19
337 19
338 19
340 19
343 19
346 19
347 19
350 19
353 19
356 19
357 19
359 19
360 19
361 19
363 19
365 19
368 19
369 19
370 19
372 19
374 19
375 19
377 19
382 19
383 19
388 19
390 19
395 19
396 19
401 19
403 19
405 19
410 19
414 19
416 19
417 19
419 19
420 19
421 19
425 19
426 19
434 19
435 19
436 19
439 19
443 19
446 19
451 19
454 19
459 19
462 19
463 19
464 19
465 19
466 19
476 19
478 19
481 19
487 19
492 19
495 19
8 19
10 19
12 19
16 19
19 19
21 19
23 19
24 19
25 19
33 19
36 19
39 19
40 19
48 19
52 19
54 19
55 19
56 19
61 19
64 19
67 19
68 19
71 19
72 19
78 19
80 19
81 19
85 19
87 19
94 19
97 19
101 19
106 19
107 19
108 19
112 19
119 19
122 19
123 19
124 19
127 19
128 19
131 19
135 19
137 19
142 19
152 19
156 19
158 19
160 19
161 19
168 19
169 19
176 19
183 19
184 19
186 19
188 19
192 19
195 19
198 19
201 19
203 19
210 19
213 19
215 19
216 19
217 19
219 19
220 19
223 19
228 19
230 19
232 19
233 19
237 19
238 19
239 19
243 19
246 19
254 19
255 19
263 19
270 19
272 19
277 19
278 19
281 19
282 19
283 19
286 19
292 19
299 19
300 19
308 19
310 19
312 19
318 19
320 19
324 19
326 19
327 19
328 19
330 19
335 19
336 19
340 19
343 19
345 19
350 19
351 19
352 19
357 19
362 19
365 19
366 19
368 19
370 19
374 19
375 19
378 19
382 19
383 19
385 19
388 19
389 19
390 19
391 19
398 19
401 19
409 19
410 19
411 19
412 19
416 19
417 19
426 19
431 19
436 19
439 19
443 19
444 19
445 19
447 19
449 19
450 19
452 19
458 19
459 19
463 19
464 19
465 19
468 19
470 19
473 19
477 19
478 19
484 19
495 19
499 19
5 20
6 20
10 20
11 20
24 20
25 20
37 20
42 20
47 20
48 20
64 20
65 20
69 20
73 20
75 20
77 20
78 20
86 20
87 20
88 20
89 20
97 20
107 20
109 20
111 20
112 20
114 20
122 20
127 20
129 20
131 20
132 20
136 20
138 20
144 20
145 20
147 20
154 20
162 20
163 20
167 20
168 20
174 20
181 20
182 20
189 20
192 20
193 20
194 20
196 20
199 20
202 20
210 20
221 20
234 20
235 20
238 20
240 20
243 20
246 20
249 20
251 20
255 20
262 20
263 20
266 20
270 20
271 20
276 20
277 20
282 20
283 20
284 20
290 20
293 20
294 20
298 20
301 20
303 20
304 20
313 20
315 20
317 20
318 20
320 20
324 20
326 20
327 20
328 20
333 20
337 20
338 20
340 20
343 20
346 20
347 20
350 20
353 20
356 20
357 20
359 20
360 20
361 20
363 20
365 20
368 20
369 20
370 20
372 20
374 20
375 20
377 20
382 20
383 20
388 20
390 20
395 20
396 20
401 20
403 20
405 20
410 20
414 20
416 20
417 20
419 20
420 20
421 20
425 20
426 20
434 20
435 20
436 20
439 20
443 20
446 20
451 20
454 20
459 20
462 20
463 20
464 20
465 20
466 20
476 20
478 20
481 20
487 20
492 20
495 20
8 20
12 20
16 20
19 20
21 20
23 20
24 20
25 20
33 20
36 20
39 20
40 20
48 20
52 20
54 20
56 20
61 20
64 20
68 20
71 20
72 20
78 20
80 20
81 20
85 20
87 20
94 20
97 20
101 20
106 20
107 20
112 20
119 20
122 20
123 20
124 20
127 20
131 20
135 20
137 20
142 20
152 20
156 20
158 20
160 20
161 20
168 20
169 20
176 20
183 20
184 20
186 20
188 20
192 20
195 20
198 20
201 20
203 20
210 20
213 20
215 20
216 20
217 20
219 20
220 20
223 20
228 20
230 20
232 20
233 20
237 20
238 20
239 20
243 20
246 20
254 20
255 20
263 20
270 20
272 20
277 20
278 20
281 20
282 20
283 20
286 20
292 20
299 20
300 20
308 20
310 20
312 20
318 20
320 20
324 20
326 20
328 20
330 20
335 20
336 20
340 20
343 20
345 20
350 20
351 20
352 20
357 20
362 20
365 20
366 20
368 20
370 20
374 20
375 20
378 20
382 20
383 20
385 20
388 20
389 20
390 20
391 20
398 20
401 20
409 20
410 20
411 20
412 20
416 20
417 20
426 20
431 20
436 20
439 20
443 20
444 20
445 20
447 20
449 20
452 20
458 20
459 20
463 20
464 20
465 20
468 20
470 20
473 20
477 20
484 20
495 20
499 20
5 21
6 21
10 21
11 21
24 21
25 21
37 21
42 21
47 21
48 21
64 21
65 21
69 21
73 21
75 21
78 21
86 21
88 21
89 21
97 21
107 21
109 21
111 21
112 21
114 21
122 21
127 21
129 21
131 21
138 21
144 21
145 21
147 21
154 21
162 21
163 21
167 21
168 21
174 21
181 21
182 21
189 21
192 21
193 21
196 21
199 21
210 21
234 21
235 21
238 21
240 21
246 21
249 21
251 21
255 21
262 21
263 21
266 21
271 21
276 21
277 21
282 21
283 21
284 21
290 21
293 21
294 21
298 21
301 21
303 21
304 21
313 21
315 21
317 21
318 21
320 21
324 21
326 21
327 21
328 21
333 21
337 21
338 21
340 21
343 21
346 21
347 21
350 21
353 21
356 21
357 21
359 21
360 21
361 21
363 21
365 21
369 21
370 21
372 21
374 21
375 21
377 21
382 21
383 21
388 21
390 21
395 21
396 21
401 21
403 21
405 21
410 21
414 21
416 21
417 21
419 21
420 21
421 21
425 21
426 21
434 21
436 21
439 21
443 21
446 21
451 21
454 21
459 21
462 21
465 21
466 21
476 21
478 21
481 21
487 21
492 21
495 21
8 21
12 21
16 21
19 21
21 21
23 21
24 21
25 21
33 21
36 21
39 21
40 21
48 21
52 21
54 21
56 21
64 21
68 21
71 21
72 21
78 21
80 21
81 21
85 21
87 21
94 21
97 21
101 21
107 21
112 21
119 21
122 21
123 21
124 21
127 21
131 21
135 21
137 21
142 21
156 21
158 21
160 21
161 21
168 21
169 21
183 21
184 21
186 21
188 21
192 21
195 21
198 21
201 21
203 21
210 21
213 21
216 21
217 21
219 21
220 21
223 21
228 21
230 21
232 21
233 21
238 21
239 21
243 21
246 21
254 21
255 21
263 21
270 21
272 21
277 21
278 21
281 21
282 21
283 21
286 21
292 21
299 21
300 21
308 21
310 21
312 21
318 21
320 21
324 21
326 21
328 21
330 21
335 21
336 21
340 21
343 21
345 21
350 21
351 21
352 21
357 21
362 21
365 21
366 21
368 21
370 21
375 21
378 21
382 21
383 21
388 21
389 21
390 21
391 21
398 21
401 21
409 21
410 21
411 21
412 21
417 21
426 21
431 21
439 21
443 21
444 21
445 21
447 21
449 21
452 21
458 21
459 21
463 21
464 21
465 21
468 21
470 21
473 21
477 21
484 21
499 21
5 22
6 22
11 22
24 22
25 22
37 22
42 22
48 22
64 22
69 22
73 22
75 22
78 22
86 22
88 22
89 22
97 22
107 22
109 22
111 22
112 22
114 22
122 22
127 22
129 22
131 22
138 22
144 22
145 22
147 22
154 22
162 22
163 22
167 22
168 22
181 22
189 22
193 22
196 22
199 22
210 22
234 22
235 22
240 22
246 22
249 22
251 22
255 22
262 22
263 22
266 22
271 22
276 22
277 22
282 22
283 22
284 22
290 22
293 22
294 22
298 22
301 22
303 22
304 22
313 22
315 22
317 22
318 22
320 22
324 22
326 22
328 22
333 22
337 22
338 22
340 22
343 22
346 22
347 22
350 22
353 22
356 22
357 22
359 22
360 22
361 22
363 22
365 22
369 22
370 22
372 22
374 22
375 22
382 22
383 22
388 22
390 22
395 22
401 22
403 22
405 22
410 22
414 22
416 22
417 22
419 22
420 22
421 22
425 22
426 22
434 22
436 22
439 22
443 22
446 22
451 22
459 22
462 22
465 22
466 22
476 22
478 22
481 22
487 22
492 22
495 22
8 22
12 22
16 22
19 22
21 22
23 22
25 22
33 22
36 22
39 22
40 22
48 22
54 22
56 22
64 22
68 22
71 22
72 22
78 22
80 22
81 22
85 22
87 22
94 22
97 22
101 22
107 22
112 22
119 22
122 22
123 22
124 22
127 22
131 22
135 22
142 22
156 22
158 22
160 22
161 22
168 22
169 22
183 22
184 22
186 22
188 22
192 22
195 22
198 22
201 22
203 22
210 22
213 22
216 22
217 22
219 22
220 22
223 22
228 22
230 22
233 22
239 22
246 22
254 22
255 22
263 22
270 22
277 22
278 22
281 22
282 22
283 22
286 22
292 22
299 22
300 22
308 22
310 22
312 22
318 22
320 22
324 22
326 22
328 22
330 22
335 22
336 22
340 22
345 22
350 22
352 22
357 22
362 22
366 22
368 22
375 22
378 22
382 22
383 22
388 22
390 22
391 22
398 22
401 22
409 22
410 22
411 22
417 22
426 22
431 22
439 22
443 22
444 22
445 22
447 22
449 22
452 22
458 22
459 22
463 22
465 22
468 22
470 22
473 22
477 22
484 22
5 23
6 23
11 23
24 23
25 23
37 23
42 23
48 23
64 23
69 23
73 23
78 23
88 23
89 23
97 23
107 23
109 23
112 23
114 23
122 23
127 23
131 23
138 23
144 23
145 23
147 23
154 23
162 23
163 23
167 23
168 23
181 23
189 23
193 23
196 23
210 23
234 23
235 23
240 23
246 23
249 23
251 23
255 23
262 23
263 23
266 23
271 23
276 23
277 23
282 23
283 23
284 23
290 23
293 23
294 23
298 23
301 23
303 23
304 23
313 23
315 23
317 23
318 23
324 23
326 23
328 23
333 23
338 23
340 23
343 23
346 23
347 23
350 23
353 23
356 23
357 23
359 23
360 23
361 23
363 23
365 23
370 23
372 23
374 23
375 23
382 23
383 23
388 23
390 23
395 23
401 23
403 23
405 23
410 23
414 23
416 23
417 23
419 23
420 23
421 23
425 23
426 23
434 23
436 23
439 23
443 23
446 23
451 23
459 23
462 23
465 23
466 23
476 23
478 23
481 23
487 23
492 23
495 23
8 23
12 23
16 23
19 23
21 23
23 23
25 23
33 23
36 23
39 23
40 23
48 23
54 23
56 23
64 23
68 23
71 23
72 23
78 23
80 23
81 23
85 23
87 23
94 23
97 23
101 23
107 23
112 23
119 23
122 23
123 23
124 23
127 23
131 23
135 23
142 23
158 23
160 23
161 23
168 23
169 23
183 23
186 23
188 23
192 23
195 23
198 23
201 23
203 23
210 23
213 23
216 23
217 23
219 23
220 23
223 23
228 23
230 23
233 23
239 23
246 23
254 23
255 23
263 23
277 23
278 23
281 23
282 23
283 23
286 23
292 23
299 23
300 23
308 23
310 23
312 23
318 23
320 23
324 23
326 23
328 23
330 23
335 23
336 23
340 23
345 23
350 23
352 23
357 23
362 23
366 23
368 23
375 23
382 23
383 23
388 23
390 23
391 23
398 23
401 23
409 23
410 23
411 23
417 23
426 23
431 23
439 23
443 23
444 23
445 23
447 23
449 23
452 23
458 23
459 23
463 23
465 23
468 23
470 23
473 23
477 23
484 23
5 24
6 24
11 24
24 24
25 24
37 24
42 24
48 24
64 24
69 24
73 24
78 24
88 24
89 24
97 24
107 24
109 24
112 24
114 24
127 24
131 24
138 24
144 24
145 24
147 24
154 24
162 24
163 24
167 24
168 24
181 24
193 24
196 24
210 24
234 24
240 24
246 24
249 24
251 24
262 24
263 24
266 24
271 24
276 24
277 24
282 24
283 24
284 24
290 24
293 24
294 24
298 24
301 24
303 24
304 24
313 24
315 24
317 24
318 24
324 24
326 24
328 24
333 24
338 24
340 24
343 24
346 24
347 24
350 24
353 24
356 24
357 24
360 24
361 24
363 24
365 24
370 24
372 24
374 24
375 24
382 24
388 24
390 24
395 24
401 24
403 24
405 24
410 24
414 24
416 24
417 24
419 24
420 24
421 24
425 24
434 24
436 24
439 24
443 24
451 24
459 24
462 24
465 24
466 24
476 24
478 24
481 24
487 24
492 24
495 24
8 24
12 24
16 24
19 24
21 24
23 24
25 24
33 24
36 24
39 24
40 24
48 24
54 24
56 24
64 24
68 24
71 24
72 24
78 24
80 24
81 24
85 24
87 24
94 24
97 24
101 24
107 24
112 24
119 24
122 24
123 24
124 24
127 24
131 24
135 24
142 24
158 24
160 24
161 24
168 24
169 24
183 24
186 24
188 24
192 24
195 24
198 24
201 24
203 24
210 24
213 24
216 24
217 24
219 24
220 24
223 24
228 24
230 24
239 24
254 24
255 24
263 24
277 24
281 24
282 24
283 24
286 24
292 24
299 24
300 24
308 24
310 24
318 24
320 24
324 24
326 24
328 24
330 24
335 24
336 24
340 24
345 24
350 24
352 24
357 24
362 24
366 24
368 24
375 24
382 24
383 24
388 24
390 24
391 24
398 24
401 24
409 24
410 24
411 24
417 24
426 24
431 24
439 24
443 24
444 24
445 24
447 24
449 24
452 24
458 24
459 24
463 24
465 24
468 24
470 24
473 24
477 24
5 25
6 25
11 25
24 25
25 25
37 25
42 25
48 25
64 25
69 25
73 25
78 25
88 25
89 25
97 25
107 25
109 25
114 25
127 25
131 25
138 25
144 25
145 25
147 25
154 25
162 25
163 25
168 25
181 25
193 25
196 25
210 25
234 25
240 25
246 25
249 25
251 25
263 25
266 25
271 25
276 25
277 25
282 25
283 25
284 25
290 25
293 25
294 25
298 25
301 25
303 25
304 25
313 25
315 25
317 25
318 25
324 25
326 25
328 25
333 25
338 25
340 25
343 25
346 25
347 25
350 25
353 25
356 25
357 25
360 25
361 25
365 25
370 25
372 25
374 25
375 25
382 25
388 25
390 25
395 25
401 25
403 25
405 25
410 25
414 25
416 25
417 25
419 25
420 25
421 25
425 25
434 25
436 25
443 25
451 25
459 25
462 25
465 25
466 25
476 25
478 25
481 25
487 25
492 25
495 25
8 25
12 25
19 25
21 25
23 25
25 25
33 25
36 25
39 25
40 25
48 25
54 25
56 25
64 25
68 25
71 25
72 25
78 25
81 25
85 25
94 25
97 25
101 25
107 25
112 25
119 25
122 25
123 25
124 25
127 25
135 25
142 25
158 25
160 25
161 25
168 25
169 25
183 25
186 25
188 25
192 25
195 25
198 25
201 25
203 25
210 25
213 25
216 25
217 25
219 25
220 25
223 25
228 25
230 25
239 25
254 25
255 25
263 25
277 25
281 25
282 25
283 25
286 25
292 25
299 25
300 25
308 25
310 25
318 25
320 25
324 25
326 25
328 25
330 25
335 25
336 25
340 25
345 25
350 25
352 25
357 25
362 25
366 25
368 25
375 25
382 25
383 25
388 25
390 25
391 25
398 25
401 25
409 25
411 25
417 25
426 25
431 25
439 25
443 25
445 25
447 25
449 25
452 25
458 25
459 25
463 25
465 25
468 25
470 25
473 25
477 25
5 26
6 26
11 26
24 26
25 26
37 26
42 26
48 26
64 26
69 26
73 26
78 26
88 26
89 26
97 26
107 26
109 26
114 26
127 26
131 26
138 26
144 26
147 26
154 26
162 26
163 26
168 26
181 26
193 26
196 26
210 26
234 26
240 26
246 26
251 26
271 26
276 26
277 26
282 26
283 26
284 26
293 26
303 26
304 26
313 26
315 26
317 26
324 26
326 26
328 26
333 26
338 26
340 26
343 26
346 26
347 26
350 26
353 26
357 26
360 26
361 26
365 26
370 26
372 26
374 26
375 26
382 26
388 26
390 26
395 26
401 26
403 26
405 26
410 26
414 26
416 26
417 26
419 26
420 26
421 26
425 26
434 26
436 26
443 26
451 26
459 26
462 26
465 26
466 26
476 26
478 26
481 26
487 26
492 26
495 26
12 26
19 26
21 26
23 26
25 26
33 26
36 26
39 26
40 26
48 26
54 26
56 26
64 26
68 26
71 26
72 26
78 26
81 26
94 26
101 26
107 26
112 26
119 26
122 26
123 26
124 26
127 26
135 26
142 26
158 26
160 26
161 26
168 26
169 26
183 26
186 26
188 26
192 26
195 26
198 26
201 26
203 26
210 26
213 26
216 26
217 26
219 26
220 26
223 26
228 26
230 26
239 26
254 26
255 26
263 26
282 26
283 26
286 26
292 26
299 26
300 26
308 26
310 26
318 26
320 26
324 26
326 26
328 26
330 26
335 26
336 26
340 26
345 26
352 26
357 26
362 26
366 26
368 26
375 26
382 26
383 26
388 26
390 26
391 26
398 26
401 26
409 26
411 26
417 26
431 26
439 26
443 26
445 26
449 26
452 26
458 26
459 26
463 26
465 26
468 26
470 26
473 26
477 26
5 27
6 27
11 27
24 27
25 27
37 27
48 27
64 27
69 27
73 27
78 27
88 27
89 27
107 27
109 27
114 27
127 27
131 27
138 27
144 27
147 27
154 27
162 27
163 27
168 27
181 27
193 27
196 27
210 27
234 27
240 27
246 27
251 27
271 27
276 27
277 27
282 27
283 27
284 27
293 27
303 27
304 27
313 27
315 27
317 27
324 27
326 27
328 27
333 27
338 27
340 27
343 27
350 27
353 27
357 27
360 27
361 27
365 27
370 27
372 27
374 27
375 27
388 27
390 27
395 27
401 27
403 27
405 27
410 27
414 27
416 27
417 27
419 27
420 27
421 27
425 27
434 27
436 27
443 27
451 27
462 27
465 27
466 27
476 27
478 27
481 27
487 27
492 27
495 27
12 27
19 27
23 27
25 27
33 27
36 27
39 27
40 27
48 27
54 27
56 27
64 27
68 27
71 27
72 27
78 27
81 27
94 27
101 27
107 27
112 27
122 27
123 27
124 27
127 27
135 27
142 27
158 27
160 27
161 27
169 27
183 27
186 27
188 27
192 27
195 27
198 27
201 27
203 27
210 27
213 27
216 27
217 27
219 27
220 27
223 27
230 27
239 27
254 27
255 27
263 27
282 27
283 27
286 27
292 27
299 27
300 27
308 27
310 27
318 27
320 27
324 27
326 27
328 27
330 27
335 27
336 27
340 27
345 27
352 27
357 27
362 27
366 27
368 27
382 27
383 27
388 27
391 27
398 27
401 27
409 27
411 27
417 27
431 27
439 27
443 27
445 27
449 27
452 27
458 27
459 27
463 27
465 27
468 27
470 27
473 27
477 27
5 28
6 28
11 28
24 28
25 28
37 28
48 28
64 28
69 28
73 28
78 28
88 28
89 28
107 28
109 28
114 28
127 28
131 28
138 28
144 28
147 28
154 28
162 28
163 28
168 28
181 28
193 28
196 28
210 28
234 28
240 28
246 28
251 28
271 28
276 28
277 28
282 28
283 28
284 28
293 28
303 28
304 28
313 28
315 28
317 28
324 28
326 28
328 28
333 28
340 28
343 28
350 28
353 28
357 28
360 28
361 28
365 28
370 28
372 28
374 28
375 28
388 28
390 28
395 28
401 28
403 28
405 28
410 28
414 28
416 28
417 28
419 28
420 28
421 28
425 28
434 28
436 28
443 28
451 28
462 28
465 28
466 28
476 28
478 28
481 28
487 28
492 28
495 28
12 28
19 28
23 28
25 28
33 28
36 28
39 28
40 28
48 28
54 28
64 28
68 28
71 28
72 28
78 28
81 28
94 28
101 28
112 28
123 28
124 28
127 28
135 28
142 28
158 28
160 28
161 28
169 28
183 28
186 28
188 28
192 28
195 28
198 28
201 28
203 28
210 28
213 28
216 28
217 28
219 28
220 28
223 28
230 28
239 28
254 28
255 28
263 28
282 28
283 28
286 28
292 28
299 28
300 28
308 28
310 28
318 28
320 28
324 28
326 28
328 28
330 28
335 28
336 28
340 28
345 28
352 28
357 28
362 28
366 28
382 28
383 28
388 28
391 28
398 28
401 28
409 28
417 28
431 28
439 28
443 28
445 28
449 28
452 28
458 28
463 28
465 28
468 28
470 28
473 28
477 28
5 29
6 29
11 29
24 29
25 29
37 29
64 29
69 29
73 29
78 29
88 29
89 29
107 29
109 29
114 29
127 29
131 29
138 29
144 29
147 29
154 29
162 29
163 29
168 29
181 29
193 29
196 29
210 29
234 29
240 29
246 29
251 29
271 29
276 29
277 29
282 29
283 29
284 29
293 29
303 29
304 29
313 29
315 29
317 29
324 29
328 29
333 29
340 29
343 29
350 29
353 29
357 29
360 29
361 29
365 29
370 29
372 29
374 29
375 29
390 29
395 29
401 29
405 29
410 29
414 29
416 29
417 29
419 29
420 29
421 29
425 29
434 29
436 29
443 29
451 29
462 29
465 29
466 29
476 29
481 29
487 29
492 29
495 29
12 29
23 29
25 29
33 29
36 29
39 29
48 29
54 29
64 29
68 29
71 29
72 29
78 29
112 29
123 29
124 29
127 29
135 29
142 29
158 29
160 29
161 29
169 29
183 29
186 29
192 29
195 29
198 29
201 29
203 29
210 29
213 29
216 29
217 29
219 29
220 29
223 29
239 29
254 29
255 29
263 29
282 29
283 29
286 29
292 29
300 29
310 29
318 29
320 29
326 29
328 29
330 29
336 29
340 29
345 29
352 29
357 29
362 29
366 29
382 29
383 29
388 29
391 29
398 29
409 29
417 29
431 29
445 29
449 29
452 29
458 29
463 29
465 29
468 29
470 29
473 29
477 29
5 30
6 30
11 30
24 30
25 30
64 30
69 30
73 30
78 30
88 30
107 30
109 30
114 30
127 30
131 30
138 30
144 30
147 30
154 30
162 30
168 30
181 30
193 30
196 30
210 30
234 30
240 30
246 30
251 30
271 30
277 30
282 30
283 30
284 30
293 30
303 30
304 30
313 30
315 30
317 30
324 30
328 30
333 30
340 30
343 30
350 30
353 30
357 30
360 30
361 30
365 30
370 30
372 30
374 30
375 30
390 30
395 30
401 30
405 30
410 30
414 30
416 30
417 30
419 30
420 30
421 30
434 30
436 30
443 30
451 30
462 30
465 30
466 30
476 30
481 30
487 30
492 30
495 30
12 30
23 30
25 30
33 30
36 30
39 30
48 30
54 30
64 30
68 30
71 30
72 30
112 30
123 30
124 30
127 30
135 30
142 30
158 30
160 30
161 30
169 30
183 30
186 30
192 30
195 30
198 30
201 30
203 30
210 30
216 30
217 30
219 30
220 30
223 30
239 30
254 30
255 30
263 30
282 30
283 30
286 30
300 30
310 30
318 30
320 30
328 30
330 30
336 30
340 30
345 30
352 30
357 30
366 30
382 30
383 30
388 30
391 30
398 30
409 30
417 30
431 30
445 30
449 30
452 30
458 30
463 30
465 30
468 30
470 30
473 30
477 30
5 31
6 31
24 31
25 31
69 31
73 31
78 31
107 31
109 31
114 31
127 31
138 31
144 31
147 31
154 31
162 31
168 31
181 31
193 31
196 31
210 31
234 31
240 31
246 31
251 31
271 31
277 31
282 31
283 31
284 31
293 31
303 31
304 31
313 31
315 31
317 31
324 31
328 31
333 31
343 31
350 31
353 31
357 31
360 31
361 31
365 31
370 31
372 31
374 31
375 31
390 31
395 31
401 31
405 31
410 31
414 31
416 31
417 31
420 31
421 31
434 31
436 31
443 31
462 31
465 31
466 31
476 31
481 31
492 31
495 31
12 31
25 31
33 31
36 31
39 31
48 31
54 31
64 31
68 31
71 31
72 31
112 31
123 31
124 31
127 31
135 31
142 31
158 31
160 31
161 31
169 31
183 31
186 31
195 31
201 31
203 31
210 31
216 31
217 31
219 31
220 31
223 31
239 31
254 31
263 31
282 31
283 31
286 31
300 31
310 31
318 31
320 31
328 31
330 31
336 31
340 31
345 31
352 31
357 31
366 31
382 31
383 31
388 31
391 31
398 31
409 31
417 31
431 31
445 31
452 31
458 31
463 31
465 31
468 31
470 31
473 31
477 31
5 32
6 32
24 32
25 32
69 32
73 32
78 32
107 32
109 32
114 32
127 32
138 32
144 32
147 32
154 32
162 32
168 32
181 32
193 32
196 32
210 32
234 32
240 32
246 32
251 32
271 32
277 32
282 32
283 32
284 32
293 32
303 32
304 32
313 32
315 32
317 32
324 32
328 32
333 32
343 32
350 32
353 32
357 32
360 32
361 32
365 32
370 32
372 32
374 32
390 32
395 32
401 32
405 32
410 32
414 32
416 32
417 32
420 32
421 32
434 32
436 32
462 32
465 32
466 32
476 32
481 32
492 32
12 32
25 32
36 32
39 32
48 32
54 32
68 32
71 32
72 32
112 32
123 32
124 32
127 32
135 32
142 32
158 32
160 32
169 32
183 32
186 32
201 32
203 32
210 32
217 32
219 32
223 32
239 32
254 32
263 32
282 32
283 32
286 32
300 32
310 32
318 32
320 32
328 32
330 32
336 32
345 32
352 32
357 32
366 32
382 32
383 32
388 32
391 32
398 32
409 32
417 32
431 32
445 32
452 32
458 32
463 32
465 32
468 32
470 32
473 32
5 33
6 33
24 33
25 33
69 33
73 33
78 33
114 33
127 33
138 33
144 33
154 33
162 33
181 33
193 33
196 33
210 33
234 33
240 33
246 33
251 33
271 33
277 33
282 33
283 33
284 33
293 33
303 33
304 33
315 33
317 33
324 33
328 33
333 33
343 33
350 33
353 33
357 33
360 33
361 33
365 33
370 33
372 33
374 33
390 33
395 33
401 33
405 33
410 33
414 33
416 33
417 33
420 33
421 33
434 33
436 33
462 33
465 33
466 33
476 33
481 33
12 33
25 33
39 33
48 33
54 33
68 33
71 33
72 33
112 33
123 33
124 33
127 33
135 33
142 33
158 33
169 33
183 33
186 33
201 33
203 33
219 33
223 33
239 33
254 33
282 33
283 33
286 33
300 33
310 33
318 33
328 33
330 33
336 33
345 33
357 33
366 33
382 33
383 33
388 33
391 33
398 33
409 33
417 33
431 33
445 33
452 33
458 33
465 33
468 33
470 33
473 33
6 34
24 34
25 34
73 34
78 34
114 34
127 34
138 34
144 34
154 34
162 34
181 34
193 34
196 34
210 34
234 34
240 34
246 34
251 34
271 34
277 34
282 34
283 34
284 34
293 34
304 34
315 34
317 34
324 34
328 34
343 34
350 34
353 34
357 34
360 34
361 34
365 34
370 34
372 34
374 34
390 34
395 34
401 34
405 34
410 34
414 34
416 34
417 34
420 34
421 34
434 34
436 34
462 34
466 34
476 34
481 34
12 34
25 34
39 34
48 34
54 34
68 34
71 34
72 34
112 34
123 34
124 34
127 34
135 34
142 34
158 34
183 34
186 34
201 34
203 34
219 34
223 34
239 34
254 34
282 34
283 34
286 34
300 34
310 34
318 34
328 34
330 34
336 34
345 34
357 34
366 34
382 34
383 34
388 34
391 34
398 34
409 34
417 34
431 34
445 34
452 34
465 34
468 34
470 34
473 34
6 35
24 35
25 35
73 35
78 35
114 35
127 35
138 35
144 35
162 35
181 35
193 35
196 35
210 35
234 35
240 35
246 35
251 35
271 35
277 35
282 35
283 35
284 35
293 35
304 35
315 35
317 35
324 35
328 35
343 35
350 35
353 35
357 35
360 35
361 35
365 35
370 35
372 35
374 35
390 35
395 35
401 35
405 35
410 35
414 35
416 35
417 35
420 35
421 35
434 35
436 35
462 35
466 35
476 35
481 35
12 35
25 35
39 35
54 35
68 35
71 35
72 35
112 35
123 35
124 35
127 35
135 35
142 35
158 35
183 35
186 35
201 35
203 35
219 35
223 35
239 35
254 35
282 35
283 35
286 35
300 35
310 35
318 35
328 35
330 35
336 35
345 35
357 35
366 35
382 35
383 35
388 35
391 35
398 35
409 35
417 35
431 35
445 35
452 35
465 35
468 35
470 35
473 35
6 36
24 36
25 36
73 36
78 36
114 36
127 36
138 36
144 36
162 36
181 36
193 36
196 36
210 36
234 36
240 36
251 36
271 36
277 36
282 36
283 36
284 36
304 36
315 36
317 36
328 36
350 36
353 36
357 36
360 36
361 36
365 36
370 36
372 36
374 36
390 36
401 36
414 36
417 36
420 36
421 36
436 36
462 36
466 36
476 36
481 36
12 36
25 36
39 36
54 36
68 36
71 36
72 36
112 36
123 36
124 36
127 36
135 36
142 36
158 36
183 36
203 36
219 36
223 36
239 36
254 36
282 36
283 36
300 36
310 36
318 36
328 36
330 36
336 36
345 36
357 36
366 36
382 36
383 36
388 36
391 36
398 36
409 36
417 36
431 36
445 36
452 36
468 36
470 36
473 36
6 37
24 37
25 37
73 37
78 37
114 37
127 37
138 37
144 37
162 37
181 37
193 37
196 37
210 37
234 37
240 37
251 37
271 37
277 37
282 37
283 37
304 37
315 37
317 37
328 37
350 37
353 37
357 37
360 37
361 37
365 37
370 37
372 37
374 37
390 37
401 37
414 37
417 37
420 37
421 37
436 37
462 37
466 37
476 37
12 37
25 37
39 37
54 37
68 37
71 37
72 37
112 37
123 37
124 37
127 37
135 37
142 37
158 37
183 37
203 37
219 37
223 37
239 37
254 37
282 37
283 37
300 37
310 37
318 37
328 37
330 37
336 37
345 37
357 37
382 37
383 37
388 37
391 37
398 37
409 37
417 37
431 37
445 37
452 37
468 37
470 37
473 37
6 38
24 38
25 38
73 38
78 38
114 38
127 38
138 38
144 38
162 38
181 38
193 38
196 38
210 38
234 38
240 38
251 38
271 38
282 38
283 38
304 38
315 38
317 38
328 38
350 38
353 38
357 38
360 38
361 38
365 38
370 38
372 38
374 38
390 38
401 38
414 38
417 38
421 38
436 38
462 38
466 38
476 38
12 38
25 38
39 38
54 38
68 38
71 38
72 38
112 38
123 38
124 38
127 38
135 38
142 38
158 38
183 38
203 38
219 38
223 38
239 38
254 38
282 38
283 38
310 38
318 38
328 38
330 38
336 38
345 38
357 38
382 38
388 38
391 38
398 38
409 38
417 38
431 38
445 38
452 38
468 38
470 38
473 38
6 39
24 39
73 39
78 39
114 39
127 39
138 39
144 39
162 39
181 39
193 39
196 39
210 39
234 39
251 39
271 39
282 39
283 39
304 39
315 39
317 39
328 39
350 39
353 39
357 39
360 39
361 39
365 39
370 39
372 39
374 39
390 39
401 39
414 39
462 39
466 39
476 39
25 39
39 39
54 39
68 39
71 39
72 39
112 39
123 39
127 39
135 39
142 39
158 39
183 39
203 39
219 39
223 39
239 39
254 39
282 39
283 39
310 39
318 39
328 39
330 39
336 39
345 39
382 39
388 39
391 39
398 39
409 39
417 39
431 39
445 39
452 39
468 39
470 39
473 39
6 40
24 40
73 40
114 40
127 40
138 40
162 40
181 40
193 40
196 40
210 40
234 40
251 40
271 40
282 40
283 40
304 40
315 40
317 40
328 40
353 40
357 40
360 40
365 40
370 40
372 40
374 40
390 40
414 40
462 40
466 40
476 40
25 40
39 40
54 40
68 40
71 40
72 40
112 40
123 40
127 40
135 40
142 40
158 40
183 40
203 40
219 40
223 40
239 40
254 40
282 40
283 40
310 40
318 40
328 40
330 40
336 40
382 40
388 40
391 40
398 40
409 40
417 40
431 40
445 40
452 40
470 40
473 40
6 41
24 41
73 41
114 41
127 41
138 41
162 41
181 41
193 41
196 41
234 41
251 41
271 41
282 41
283 41
304 41
315 41
317 41
328 41
353 41
357 41
360 41
365 41
370 41
372 41
374 41
390 41
414 41
462 41
466 41
476 41
25 41
39 41
54 41
68 41
71 41
72 41
112 41
123 41
135 41
142 41
158 41
183 41
219 41
239 41
254 41
282 41
283 41
310 41
328 41
330 41
382 41
388 41
391 41
398 41
409 41
417 41
431 41
445 41
470 41
473 41
6 42
24 42
73 42
114 42
127 42
138 42
162 42
181 42
193 42
196 42
234 42
251 42
271 42
282 42
283 42
304 42
315 42
317 42
328 42
353 42
360 42
365 42
370 42
372 42
374 42
390 42
414 42
476 42
25 42
54 42
68 42
71 42
112 42
123 42
135 42
142 42
158 42
183 42
219 42
239 42
254 42
282 42
310 42
328 42
330 42
382 42
388 42
391 42
398 42
409 42
417 42
431 42
445 42
470 42
473 42
6 43
24 43
73 43
114 43
127 43
138 43
162 43
181 43
193 43
196 43
234 43
251 43
271 43
282 43
283 43
304 43
315 43
317 43
328 43
353 43
360 43
365 43
370 43
374 43
390 43
414 43
476 43
25 43
54 43
68 43
71 43
112 43
123 43
135 43
142 43
158 43
183 43
219 43
239 43
254 43
282 43
310 43
328 43
330 43
382 43
391 43
398 43
409 43
417 43
431 43
445 43
470 43
473 43
6 44
24 44
73 44
114 44
127 44
138 44
181 44
193 44
196 44
234 44
251 44
282 44
304 44
315 44
317 44
328 44
353 44
360 44
365 44
370 44
374 44
390 44
414 44
476 44
25 44
54 44
68 44
71 44
112 44
123 44
135 44
142 44
158 44
183 44
219 44
254 44
282 44
310 44
328 44
330 44
382 44
391 44
398 44
409 44
417 44
431 44
445 44
470 44
473 44
6 45
24 45
73 45
114 45
127 45
138 45
181 45
193 45
234 45
251 45
282 45
304 45
315 45
317 45
353 45
360 45
365 45
370 45
374 45
390 45
414 45
25 45
54 45
68 45
112 45
123 45
135 45
142 45
183 45
219 45
282 45
310 45
328 45
382 45
391 45
398 45
409 45
417 45
431 45
470 45
473 45
6 46
73 46
114 46
127 46
138 46
181 46
193 46
251 46
282 46
304 46
315 46
317 46
353 46
360 46
365 46
370 46
374 46
390 46
414 46
25 46
54 46
68 46
112 46
123 46
135 46
142 46
219 46
282 46
310 46
328 46
382 46
391 46
398 46
409 46
417 46
431 46
470 46
473 46
6 47
73 47
114 47
127 47
138 47
181 47
193 47
251 47
282 47
315 47
317 47
353 47
360 47
365 47
370 47
25 47
54 47
68 47
112 47
123 47
135 47
142 47
219 47
282 47
310 47
328 47
382 47
391 47
398 47
409 47
417 47
431 47
470 47
6 48
73 48
114 48
127 48
138 48
181 48
193 48
251 48
282 48
315 48
317 48
353 48
370 48
25 48
54 48
68 48
112 48
123 48
135 48
142 48
219 48
282 48
310 48
328 48
382 48
391 48
398 48
409 48
417 48
470 48
6 49
73 49
114 49
127 49
138 49
181 49
193 49
251 49
282 49
315 49
317 49
353 49
370 49
25 49
54 49
68 49
112 49
135 49
142 49
282 49
310 49
328 49
382 49
391 49
398 49
409 49
417 49
470 49
6 50
73 50
114 50
181 50
193 50
251 50
282 50
315 50
317 50
370 50
25 50
54 50
68 50
112 50
135 50
142 50
310 50
328 50
382 50
391 50
398 50
409 50
417 50
470 50
6 51
73 51
114 51
251 51
282 51
315 51
317 51
370 51
25 51
54 51
68 51
112 51
135 51
142 51
310 51
328 51
382 51
391 51
398 51
417 51
470 51
6 52
114 52
282 52
315 52
317 52
370 52
25 52
54 52
68 52
112 52
135 52
310 52
382 52
391 52
398 52
417 52
470 52
6 53
114 53
315 53
317 53
370 53
54 53
68 53
112 53
135 53
310 53
382 53
391 53
398 53
417 53
470 53
6 54
114 54
315 54
317 54
370 54
54 54
112 54
135 54
310 54
382 54
391 54
398 54
417 54
6 55
114 55
315 55
317 55
54 55
112 55
135 55
310 55
391 55
398 55
417 55
6 56
114 56
315 56
317 56
54 56
112 56
135 56
391 56
398 56
417 56
6 57
114 57
315 57
317 57
54 57
112 57
135 57
391 57
398 57
417 57
114 58
315 58
317 58
54 58
112 58
135 58
391 58
398 58
417 58
114 59
315 59
317 59
112 59
135 59
391 59
398 59
417 59
114 60
315 60
317 60
112 60
135 60
391 60
398 60
417 60
114 61
315 61
317 61
112 61
135 61
391 61
114 62
315 62
317 62
112 62
135 62
114 63
315 63
317 63
112 63
135 63
114 64
112 64
135 64
114 65
112 65
135 65
114 66
112 66
135 66
114 67
112 67
114 68
112 68
114 69
112 69
114 70
112 70
114 71
112 71
114 72
112 72
114 73
112 73
114 74
112 74
114 75
112 75
114 76
112 76
114 77
112 77
112 78
112 79
112 80
112 81
112 82